Load graph! With nodes  3997962
[9765, 90036, 9772, 9772, 12839, 322008, 135162, 90036, 499363, 20131, 13294, 39639, 18882, 38760, 170786, 2806, 52977, 309815, 52755, 13294, 196888, 6728, 303592, 21710, 52171, 1263, 54490, 72472, 170786, 52171]
set([9772, 90036, 9765])
3 0 4834 944
3 100 5284 1135
3 200 4924 905
3 300 4794 1008
3 400 4749 907
3 500 5703 1127
3 600 4430 792
3 700 5152 1042
3 800 6840 1447
3 900 4853 992
3 5268.167
set([9765, 12839, 9772, 90036, 322008, 135162])
6 0 6159 1403
6 100 5821 1179
6 200 5551 1157
6 300 5435 1083
6 400 6475 1561
6 500 5670 1157
6 600 6375 1416
6 700 5787 1246
6 800 4999 887
6 900 6360 1393
6 6108.144
set([499363, 9765, 12839, 9772, 13294, 20131, 90036, 322008, 135162])
9 0 7503 1658
9 100 7826 1691
9 200 7607 1835
9 300 6858 1327
9 400 7978 1774
9 500 7124 1510
9 600 8205 1931
9 700 7394 1683
9 800 6961 1386
9 900 7476 1583
9 7648.061
set([18882, 499363, 9765, 12839, 38760, 9772, 13294, 20131, 90036, 39639, 322008, 135162])
12 0 6573 1313
12 100 8526 1957
12 200 8217 1780
12 300 7734 1454
12 400 8000 1642
12 500 8009 1843
12 600 8086 1611
12 700 8532 1926
12 800 9108 2144
12 900 8262 1780
12 8370.129
set([18882, 499363, 9765, 12839, 38760, 9772, 170786, 13294, 52977, 20131, 90036, 2806, 39639, 322008, 135162])
15 0 11338 2432
15 100 12381 2833
15 200 11947 2604
15 300 11053 2388
15 400 11730 2466
15 500 12092 2691
15 600 11306 2334
15 700 10368 2055
15 800 12360 2836
15 900 11244 2318
15 11673.064
set([18882, 499363, 9765, 12839, 38760, 309815, 9772, 170786, 13294, 52755, 52977, 20131, 90036, 2806, 39639, 322008, 135162, 196888])
18 0 13549 3057
18 100 12737 2785
18 200 12049 2621
18 300 11000 2206
18 400 12198 2620
18 500 14449 3226
18 600 13559 3205
18 700 12616 2675
18 800 13012 2752
18 900 14422 3344
18 12582.518
set([18882, 499363, 9765, 12839, 38760, 309815, 9772, 170786, 13294, 6728, 52755, 52977, 20131, 90036, 21710, 2806, 39639, 322008, 135162, 303592, 196888])
21 0 15499 3537
21 100 13856 2933
21 200 12683 2408
21 300 13016 2656
21 400 12522 2543
21 500 12241 2627
21 600 12944 2778
21 700 12582 2445
21 800 14608 3305
21 900 12696 2650
21 13724.036
set([52755, 196888, 170786, 499363, 9765, 12839, 9772, 90036, 309815, 18882, 303592, 6728, 52171, 21710, 20131, 39639, 322008, 54490, 38760, 13294, 1263, 52977, 2806, 135162])
24 0 15877 3539
24 100 15718 3721
24 200 16815 3820
24 300 16180 3644
24 400 15746 3509
24 500 17893 4158
24 600 16009 3706
24 700 15264 3379
24 800 16535 3871
24 900 14953 3143
24 15606.089
set([72472, 52755, 196888, 170786, 499363, 9765, 12839, 9772, 90036, 309815, 18882, 303592, 6728, 52171, 21710, 20131, 39639, 322008, 54490, 38760, 13294, 1263, 52977, 2806, 135162])
27 0 17297 4015
27 100 14938 3316
27 200 14256 3134
27 300 16406 3821
27 400 14606 3257
27 500 15172 3341
27 600 16487 3750
27 700 16682 3768
27 800 15386 3200
27 900 14733 3195
27 15843.238
set([72472, 52755, 196888, 170786, 499363, 9765, 12839, 9772, 90036, 309815, 18882, 303592, 6728, 52171, 21710, 20131, 39639, 322008, 54490, 38760, 13294, 1263, 52977, 2806, 135162])
30 0 15442 3409
30 100 14518 3144
30 200 14521 3019
30 300 16089 3616
30 400 15986 3584
30 500 13660 2882
30 600 19232 4678
30 700 17685 4242
30 800 15788 3677
30 900 16771 4013
30 15824.508
