Load graph! With nodes  3997962
[9765, 17603, 9772, 9772, 9790, 12839, 11855, 19683, 57824, 9779, 13294, 155429, 6157, 6728, 170786, 2806, 52022, 170786, 6398, 13294, 43052, 6398, 19683, 15527, 52171, 13294, 52977, 42463, 170786, 52171, 6707, 18632, 54974, 42463, 212920, 31151, 53438, 42463, 13294, 58764, 57824, 52977, 4492, 13294, 54974, 54974, 9805, 146797, 17790, 6398]
set([17603, 9772, 9765])
3 0 5941 1258
3 100 5877 1355
3 200 5394 1108
3 300 4664 871
3 400 5501 1029
3 500 6038 1442
3 600 4658 857
3 700 4945 964
3 800 5162 1093
3 900 6601 1215
3 5502.529
set([17603, 9765, 12839, 9772, 11855, 9790])
6 0 7099 1655
6 100 7045 1595
6 200 6655 1617
6 300 5633 1238
6 400 7752 1856
6 500 6600 1296
6 600 6287 1440
6 700 6525 1411
6 800 6264 1304
6 900 6763 1426
6 6725.72
set([57824, 17603, 9765, 12839, 9772, 11855, 9779, 19683, 9790])
9 0 7948 1830
9 100 7213 1431
9 200 7947 1644
9 300 7683 1702
9 400 7646 1693
9 500 7057 1592
9 600 7883 1775
9 700 8912 2200
9 800 8027 1746
9 900 7703 1720
9 7861.7
set([57824, 17603, 9765, 12839, 9772, 6157, 13294, 11855, 9779, 19683, 9790, 155429])
12 0 9495 2127
12 100 10351 2404
12 200 9450 2078
12 300 9587 2203
12 400 8975 2133
12 500 9447 2032
12 600 9128 2065
12 700 10758 2742
12 800 9136 1996
12 900 9579 2065
12 9476.171
set([57824, 170786, 17603, 9765, 12839, 6728, 9772, 6157, 13294, 11855, 9779, 19683, 2806, 9790, 155429])
15 0 12773 2853
15 100 12177 2550
15 200 12721 2862
15 300 13053 2981
15 400 12669 2779
15 500 11931 2487
15 600 13647 3223
15 700 13535 3209
15 800 15138 4274
15 900 13479 3237
15 12979.042
set([57824, 170786, 17603, 9765, 12839, 6728, 43052, 9772, 6157, 13294, 11855, 9779, 52022, 19683, 6398, 2806, 9790, 155429])
18 0 13929 3192
18 100 13471 2894
18 200 13637 3016
18 300 15063 3445
18 400 14363 3252
18 500 13700 3176
18 600 15753 3712
18 700 14825 3428
18 800 15093 3496
18 900 15012 3428
18 14654.19
set([57824, 170786, 17603, 9765, 12839, 6728, 43052, 15527, 9772, 6157, 13294, 11855, 9779, 52022, 19683, 6398, 2806, 52171, 52977, 9790, 155429])
21 0 18272 4747
21 100 18201 4455
21 200 15475 3229
21 300 16612 4129
21 400 15474 3592
21 500 17976 4398
21 600 18758 4644
21 700 19184 4605
21 800 17751 4193
21 900 17768 4361
21 17320.944
set([9772, 6157, 170786, 9765, 12839, 43052, 18632, 9779, 52022, 9790, 17603, 6728, 52171, 11855, 6707, 155429, 42463, 57824, 19683, 15527, 13294, 52977, 2806, 6398])
24 0 19599 4465
24 100 20026 4921
24 200 19394 4667
24 300 18977 4476
24 400 20350 4948
24 500 20429 5065
24 600 20233 5278
24 700 19761 4745
24 800 18792 4396
24 900 20465 5026
24 19777.906
set([9772, 6157, 170786, 9765, 12839, 43052, 31151, 18632, 9779, 52022, 212920, 9790, 17603, 6728, 52171, 11855, 6707, 155429, 42463, 57824, 19683, 15527, 13294, 52977, 54974, 2806, 6398])
27 0 20613 4606
27 100 19758 4440
27 200 24151 5906
27 300 23414 5759
27 400 23870 5740
27 500 21378 4974
27 600 22070 5123
27 700 23130 5382
27 800 23532 5591
27 900 20943 5061
27 22899.498
set([9772, 58764, 6157, 170786, 9765, 12839, 43052, 31151, 18632, 9779, 52022, 212920, 9790, 53438, 17603, 6728, 4492, 52171, 11855, 6707, 155429, 42463, 57824, 19683, 15527, 13294, 52977, 54974, 2806, 6398])
30 0 23089 5376
30 100 26409 6731
30 200 25521 6184
30 300 23332 5127
30 400 24272 5715
30 500 25675 6224
30 600 25272 5962
30 700 23997 5653
30 800 24162 5565
30 900 24705 5757
30 24852.796
