Load graph! With nodes  3997962
[9765, 9772, 9772, 12839, 135162, 90036, 322008, 90036, 20131, 39639, 2806, 6728, 21710, 499363, 48304, 170786, 170786, 13294, 43052, 212920, 13294, 309815, 18632, 170786, 213589, 77070, 4492, 39639, 38760, 43052, 303592, 18882, 224458, 11708, 196888, 43018, 55444, 17790, 13294, 21710, 6689, 87496, 42463, 6147, 4492, 43052, 9767, 292206, 13294, 443109]
set([9772, 9765, 12839])
3 0 5552 1079
3 100 5429 1170
3 200 5739 1226
3 300 5503 1213
3 400 5912 1383
3 500 6166 1410
3 600 5907 1242
3 700 5379 1218
3 800 4830 1017
3 900 5572 1157
3 5496.662
set([9765, 12839, 9772, 90036, 322008, 135162])
6 0 6559 1468
6 100 5958 1284
6 200 5388 1057
6 300 6422 1417
6 400 6003 1131
6 500 5341 1061
6 600 5439 1078
6 700 6660 1462
6 800 5786 1327
6 900 6353 1386
6 6098.582
set([20131, 9765, 12839, 9772, 90036, 2806, 39639, 322008, 135162])
9 0 9071 2076
9 100 8664 1931
9 200 8047 1556
9 300 7947 1514
9 400 9115 2060
9 500 8631 1931
9 600 8211 1714
9 700 7993 1639
9 800 7538 1546
9 900 12681 3435
9 8344.509
set([20131, 9765, 12839, 6728, 9772, 21710, 499363, 90036, 2806, 39639, 322008, 135162])
12 0 9354 2033
12 100 9586 2090
12 200 8383 1721
12 300 9317 1965
12 400 8224 1581
12 500 10020 2096
12 600 9633 2029
12 700 10443 2475
12 800 9048 2035
12 900 9197 1955
12 9424.512
set([170786, 20131, 9765, 12839, 6728, 9772, 21710, 48304, 499363, 90036, 13294, 2806, 39639, 322008, 135162])
15 0 13674 3225
15 100 12300 2886
15 200 12535 2839
15 300 11672 2587
15 400 16494 4126
15 500 11578 2394
15 600 11241 2256
15 700 12309 2635
15 800 11806 2510
15 900 11923 2609
15 11713.148
set([170786, 20131, 9765, 12839, 6728, 43052, 309815, 9772, 21710, 48304, 212920, 499363, 90036, 13294, 2806, 39639, 322008, 135162])
18 0 12516 2767
18 100 12504 2706
18 200 13286 3135
18 300 12717 2824
18 400 13679 3208
18 500 12503 2721
18 600 12056 2548
18 700 13121 3145
18 800 12302 2501
18 900 13021 2800
18 12765.832
set([170786, 20131, 9765, 12839, 6728, 43052, 309815, 9772, 21710, 48304, 212920, 77070, 499363, 90036, 13294, 2806, 39639, 322008, 135162, 18632, 213589])
21 0 12892 2960
21 100 13781 3081
21 200 13932 3020
21 300 14392 3698
21 400 14858 3400
21 500 12124 2622
21 600 13976 3291
21 700 12448 2520
21 800 13437 3007
21 900 13413 3388
21 13526.643
set([9772, 4492, 77070, 170786, 20131, 9765, 12839, 43052, 48304, 18632, 90036, 309815, 212920, 6728, 21710, 499363, 213589, 39639, 322008, 38760, 13294, 303592, 2806, 135162])
24 0 13971 3137
24 100 14941 3509
24 200 14853 3248
24 300 15323 3475
24 400 13947 2969
24 500 17699 4315
24 600 13033 2598
24 700 13535 2764
24 800 15637 3715
24 900 13771 2975
24 14800.445
set([9772, 4492, 77070, 170786, 20131, 9765, 12839, 43052, 48304, 18632, 90036, 309815, 212920, 11708, 18882, 6728, 224458, 21710, 499363, 213589, 39639, 322008, 38760, 13294, 303592, 2806, 135162])
27 0 17016 4090
27 100 15152 3283
27 200 16056 3623
27 300 15948 3484
27 400 17064 3984
27 500 15222 3418
27 600 15316 3414
27 700 15140 3576
27 800 15625 3339
27 900 14780 3277
27 15831.381
set([9772, 43018, 4492, 77070, 55444, 196888, 170786, 20131, 9765, 12839, 43052, 48304, 18632, 90036, 309815, 212920, 11708, 18882, 6728, 224458, 21710, 499363, 213589, 39639, 322008, 38760, 13294, 303592, 2806, 135162])
30 0 16074 3567
30 100 17123 3873
30 200 17122 4046
30 300 16974 3692
30 400 16456 3669
30 500 16103 3706
30 600 16392 3615
30 700 15766 3400
30 800 16318 3617
30 900 16464 3624
30 16602.509
