Load graph! With nodes  3997962
[15094, 9772, 629951, 377975, 444506, 333885, 322008, 1065232, 20131, 39639, 38940, 54467, 21710, 693000, 11855, 170786, 293402, 13294, 210620, 47220, 13294, 139672, 18632, 170786, 50842, 77070, 4492, 39639, 38026, 118646, 303592, 347652, 224458, 21710, 196888, 43018, 55444, 17790, 13294, 21710, 6689, 21471, 42463, 5636, 79842, 43052, 9767, 218642, 13294, 287777]
set([9772, 15094, 629951])
3 0 967 242
3 100 694 155
3 200 777 170
3 300 1078 249
3 400 907 262
3 500 552 125
3 600 833 166
3 700 986 232
3 800 566 71
3 900 761 137
3 839.186
set([9772, 15094, 377975, 444506, 333885, 629951])
6 0 888 168
6 100 1010 198
6 200 892 193
6 300 933 221
6 400 1015 245
6 500 918 225
6 600 864 194
6 700 1323 410
6 800 920 190
6 900 1182 235
6 1051.663
set([20131, 9772, 1065232, 15094, 377975, 322008, 444506, 333885, 629951])
9 0 1667 382
9 100 1670 383
9 200 1866 417
9 300 1772 408
9 400 2024 441
9 500 1702 328
9 600 2033 485
9 700 2493 717
9 800 1294 284
9 900 1656 355
9 1784.754
set([20131, 39639, 9772, 1065232, 54467, 15094, 377975, 322008, 444506, 38940, 333885, 629951])
12 0 2027 362
12 100 2989 747
12 200 1787 404
12 300 1790 365
12 400 2421 551
12 500 2720 611
12 600 2299 495
12 700 2700 703
12 800 2396 500
12 900 1905 325
12 2334.686
set([20131, 693000, 39639, 9772, 21710, 11855, 1065232, 54467, 15094, 377975, 322008, 444506, 38940, 333885, 629951])
15 0 2795 596
15 100 3425 821
15 200 2746 578
15 300 3205 815
15 400 3995 974
15 500 2631 665
15 600 3096 761
15 700 2573 552
15 800 2701 555
15 900 2858 653
15 3013.225
set([170786, 20131, 693000, 293402, 39639, 9772, 21710, 11855, 1065232, 54467, 13294, 15094, 377975, 322008, 444506, 38940, 333885, 629951])
18 0 4886 1168
18 100 4694 1132
18 200 4961 1108
18 300 4924 1080
18 400 4428 946
18 500 4825 1046
18 600 5065 1146
18 700 5423 1142
18 800 5275 1197
18 900 5174 1228
18 5074.25
set([170786, 20131, 693000, 293402, 39639, 9772, 21710, 11855, 1065232, 139672, 54467, 47220, 13294, 15094, 377975, 322008, 210620, 444506, 38940, 333885, 629951])
21 0 5449 1375
21 100 5730 1487
21 200 6161 1459
21 300 5132 1255
21 400 5376 1363
21 500 5698 1394
21 600 4858 1092
21 700 5699 1392
21 800 5188 1175
21 900 5720 1479
21 5612.926
set([693000, 77070, 1065232, 139672, 293402, 38940, 50842, 170786, 20131, 9772, 210620, 333885, 629951, 54467, 18632, 21710, 11855, 39639, 322008, 444506, 13294, 47220, 15094, 377975])
24 0 6982 1696
24 100 6722 1754
24 200 6661 1650
24 300 5895 1298
24 400 7383 1693
24 500 5978 1458
24 600 6752 1826
24 700 7151 1829
24 800 7383 2037
24 900 5427 1312
24 6303.988
set([693000, 38026, 4492, 77070, 1065232, 139672, 293402, 38940, 50842, 170786, 20131, 9772, 210620, 333885, 629951, 54467, 118646, 18632, 21710, 11855, 39639, 322008, 444506, 13294, 47220, 15094, 377975])
27 0 7332 1730
27 100 6916 1484
27 200 8814 2246
27 300 7298 1790
27 400 7096 1601
27 500 6979 1850
27 600 8200 2054
27 700 7569 1872
27 800 9075 2729
27 900 7478 1795
27 7527.619
set([347652, 693000, 38026, 4492, 77070, 1065232, 139672, 293402, 38940, 50842, 170786, 20131, 9772, 210620, 333885, 629951, 54467, 118646, 18632, 224458, 21710, 11855, 39639, 322008, 444506, 303592, 13294, 47220, 15094, 377975])
30 0 7126 1658
30 100 7834 1736
30 200 7444 1877
30 300 11929 3111
30 400 8187 1965
30 500 10145 2735
30 600 7612 1899
30 700 9304 2968
30 800 7768 1982
30 900 8863 2198
30 7825.433
