Load graph! With nodes  3997962
[9765, 90036, 9772, 9772, 12839, 322008, 135162, 90036, 499363, 20131, 13294, 39639, 18882, 38026, 170786, 2806, 52977, 309815, 52755, 13294, 196888, 6728, 303592, 21710, 52171, 1263, 52977, 42463, 170786, 52171]
set([9772, 90036, 9765])
3 0 5192 1083
3 100 5038 1042
3 200 4847 921
3 300 4390 965
3 400 4694 994
3 500 5518 1132
3 600 6016 1471
3 700 5579 1202
3 800 4651 986
3 900 5199 1109
3 5252.145
set([9765, 12839, 9772, 90036, 322008, 135162])
6 0 5914 1164
6 100 5384 1053
6 200 6759 1494
6 300 6485 1322
6 400 9232 2491
6 500 6764 1628
6 600 5658 1145
6 700 6360 1309
6 800 5562 1187
6 900 5587 1165
6 6158.043
set([499363, 9765, 12839, 9772, 13294, 20131, 90036, 322008, 135162])
9 0 7353 1568
9 100 7294 1493
9 200 6557 1299
9 300 7595 1579
9 400 7072 1455
9 500 7255 1475
9 600 6806 1344
9 700 7435 1471
9 800 7123 1445
9 900 6617 1342
9 7621.46
set([18882, 499363, 9765, 12839, 38026, 9772, 13294, 20131, 90036, 39639, 322008, 135162])
12 0 7829 1718
12 100 9352 2102
12 200 7999 1565
12 300 8879 2087
12 400 8093 1746
12 500 8760 1931
12 600 8748 1898
12 700 10620 2782
12 800 7365 1588
12 900 8040 1657
12 8363.054
set([18882, 499363, 9765, 12839, 38026, 9772, 170786, 13294, 52977, 20131, 90036, 2806, 39639, 322008, 135162])
15 0 10964 2278
15 100 10814 2217
15 200 11981 2555
15 300 11437 2568
15 400 11022 2135
15 500 11616 2416
15 600 11088 2170
15 700 11851 2559
15 800 13473 3163
15 900 11063 2329
15 11672.543
set([18882, 499363, 9765, 12839, 38026, 309815, 9772, 170786, 13294, 52755, 52977, 20131, 90036, 2806, 39639, 322008, 135162, 196888])
18 0 13793 3180
18 100 12442 2543
18 200 13702 3188
18 300 12911 2875
18 400 13396 3085
18 500 10937 2077
18 600 13594 2959
18 700 11547 2129
18 800 12501 2721
18 900 12999 2804
18 12619.909
set([18882, 499363, 9765, 12839, 6728, 38026, 309815, 9772, 170786, 13294, 303592, 52755, 52977, 20131, 90036, 21710, 2806, 39639, 322008, 135162, 196888])
21 0 14116 3040
21 100 13570 2894
21 200 12652 2474
21 300 14450 3437
21 400 14637 3160
21 500 15761 3764
21 600 14067 3088
21 700 14286 3145
21 800 13433 2987
21 900 14506 3369
21 13782.095
set([38026, 52755, 196888, 170786, 499363, 9765, 12839, 9772, 90036, 309815, 18882, 6728, 52171, 21710, 20131, 39639, 322008, 42463, 303592, 13294, 1263, 52977, 2806, 135162])
24 0 18464 4367
24 100 16633 3867
24 200 15910 3666
24 300 13971 2843
24 400 16359 3776
24 500 16048 3514
24 600 16331 3713
24 700 14987 3179
24 800 16698 3911
24 900 16271 3892
24 16513.674
set([38026, 52755, 196888, 170786, 499363, 9765, 12839, 9772, 90036, 309815, 18882, 6728, 52171, 21710, 20131, 39639, 322008, 42463, 303592, 13294, 1263, 52977, 2806, 135162])
27 0 16300 3649
27 100 16874 3956
27 200 17051 3932
27 300 17156 4079
27 400 14413 3195
27 500 15654 3395
27 600 18247 4481
27 700 16371 3618
27 800 15822 3573
27 900 15959 3529
27 16557.177
set([38026, 52755, 196888, 170786, 499363, 9765, 12839, 9772, 90036, 309815, 18882, 6728, 52171, 21710, 20131, 39639, 322008, 42463, 303592, 13294, 1263, 52977, 2806, 135162])
30 0 17348 4075
30 100 16704 3656
30 200 16736 3769
30 300 16367 3860
30 400 17719 4193
30 500 16902 3923
30 600 16536 3882
30 700 15674 3535
30 800 16287 3677
30 900 14877 3235
30 16500.473
