Load graph! With nodes  3997962
[9765, 9772, 9772, 9790, 11855, 17603, 12839, 19683, 9779, 155429, 2806, 6398, 15527, 57824, 6707, 170786, 170786, 13294, 6707, 212920, 13294, 170786, 18632, 170786, 52061, 53751, 4492, 146797, 6728, 54454, 19683, 6157, 53438, 11708, 43052, 9779, 9779, 17790, 13294, 6732, 6728, 78458, 42463, 11708, 4492, 6398, 52147, 33728, 13294, 13293]
set([9772, 9765, 9790])
3 0 5755 1388
3 100 5034 1013
3 200 5768 1183
3 300 5693 1267
3 400 5887 1341
3 500 5151 975
3 600 6160 1345
3 700 5800 1175
3 800 5291 1046
3 900 5382 1165
3 5530.344
set([17603, 9765, 12839, 9772, 11855, 9790])
6 0 6675 1398
6 100 6505 1430
6 200 6492 1405
6 300 6652 1416
6 400 5946 1372
6 500 7753 1737
6 600 6515 1283
6 700 6574 1427
6 800 6123 1184
6 900 6192 1306
6 6728.455
set([17603, 9765, 12839, 9772, 11855, 9779, 19683, 9790, 155429])
9 0 8323 1932
9 100 7355 1379
9 200 7279 1447
9 300 7458 1666
9 400 7961 1669
9 500 8667 1923
9 600 8318 1800
9 700 7195 1356
9 800 8853 1567
9 900 8570 2109
9 8075.321
set([17603, 9765, 12839, 15527, 9772, 11855, 9779, 19683, 6398, 2806, 9790, 155429])
12 0 10748 2366
12 100 9343 2001
12 200 10575 2158
12 300 9897 2057
12 400 10659 2508
12 500 9356 1918
12 600 12601 3048
12 700 10965 2325
12 800 10053 1954
12 900 10407 2386
12 10572.335
set([57824, 170786, 17603, 9765, 12839, 15527, 9772, 11855, 9779, 19683, 6398, 2806, 6707, 9790, 155429])
15 0 10859 2319
15 100 11758 2681
15 200 12576 2898
15 300 12757 3042
15 400 12132 2627
15 500 12049 2457
15 600 13640 3270
15 700 11199 2271
15 800 11714 2459
15 900 11190 2320
15 12318.388
set([57824, 170786, 17603, 9765, 12839, 18632, 15527, 9772, 13294, 11855, 9779, 19683, 6398, 2806, 212920, 6707, 9790, 155429])
18 0 14934 3356
18 100 14275 3241
18 200 14484 3348
18 300 13789 3210
18 400 14609 3264
18 500 14788 3574
18 600 14320 3202
18 700 15107 3560
18 800 13696 3025
18 900 15083 3771
18 14169.867
set([57824, 170786, 17603, 9765, 12839, 18632, 4492, 15527, 9772, 13294, 11855, 9779, 19683, 6398, 2806, 53751, 212920, 6707, 52061, 9790, 155429])
21 0 17595 4489
21 100 16470 3846
21 200 15106 3394
21 300 15951 3561
21 400 15375 3753
21 500 14456 3285
21 600 15329 3441
21 700 14830 3250
21 800 15355 3642
21 900 16987 3658
21 15597.811
set([4492, 170786, 9765, 12839, 9772, 6728, 9779, 54454, 212920, 9790, 17603, 18632, 11855, 6707, 52061, 155429, 57824, 19683, 15527, 146797, 13294, 2806, 53751, 6398])
24 0 17107 3970
24 100 18293 4102
24 200 17595 4271
24 300 16840 4021
24 400 16996 3990
24 500 16397 3681
24 600 18080 4591
24 700 19331 4636
24 800 18116 3913
24 900 17870 4503
24 17833.138
set([4492, 6157, 170786, 9765, 12839, 9772, 6728, 9779, 54454, 212920, 11708, 9790, 17603, 18632, 11855, 6707, 52061, 155429, 57824, 19683, 15527, 146797, 13294, 53438, 2806, 53751, 6398])
27 0 17491 3830
27 100 18713 4467
27 200 19408 4561
27 300 18364 4296
27 400 17118 3754
27 500 17512 4037
27 600 19426 4573
27 700 16833 4064
27 800 18308 4327
27 900 17709 3859
27 18889.67
set([43052, 4492, 6157, 170786, 9765, 12839, 9772, 6728, 9779, 54454, 212920, 11708, 9790, 17603, 18632, 6732, 11855, 6707, 17790, 52061, 155429, 57824, 19683, 15527, 146797, 13294, 53438, 2806, 53751, 6398])
30 0 21274 5116
30 100 21387 5192
30 200 20344 4874
30 300 19699 4534
30 400 19325 4627
30 500 21499 5283
30 600 20004 4756
30 700 19763 4226
30 800 21831 5506
30 900 23002 5536
30 20734.284
