Load graph! With nodes  3997962
[9765, 9772, 9772, 12839, 135162, 90036, 322008, 90036, 20131, 39639, 2806, 6728, 21710, 499363, 48304, 170786, 170786, 13294, 4334, 212920, 13294, 309815, 18632, 170786, 213589, 77070, 4492, 39639, 38026, 43052, 303592, 18882, 224458, 21710, 196888, 43018, 55444, 17790, 13294, 21710, 6689, 21471, 42463, 5636, 4492, 43052, 9767, 292206, 13294, 287777]
set([9772, 9765, 12839])
3 0 5091 1000
3 100 5368 1171
3 200 6011 1502
3 300 5413 1164
3 400 5544 1215
3 500 4849 957
3 600 5213 1157
3 700 6298 1445
3 800 5738 1334
3 900 5705 1194
3 5503.424
set([9765, 12839, 9772, 90036, 322008, 135162])
6 0 6833 1553
6 100 6120 1244
6 200 6259 1340
6 300 5524 1133
6 400 6124 1317
6 500 5934 1244
6 600 5961 1296
6 700 5894 1151
6 800 6888 1424
6 900 5898 1185
6 6123.777
set([20131, 9765, 12839, 9772, 90036, 2806, 39639, 322008, 135162])
9 0 7527 1508
9 100 9039 2016
9 200 7595 1489
9 300 8496 1811
9 400 9238 2075
9 500 8770 1853
9 600 8380 1671
9 700 7807 1673
9 800 8941 1771
9 900 9306 2137
9 8315.492
set([20131, 9765, 12839, 6728, 9772, 21710, 499363, 90036, 2806, 39639, 322008, 135162])
12 0 9258 1878
12 100 9804 2072
12 200 10342 2277
12 300 10059 2184
12 400 10477 2267
12 500 9179 1779
12 600 8680 1725
12 700 8693 1771
12 800 9165 2025
12 900 9245 1973
12 9468.646
set([170786, 20131, 9765, 12839, 6728, 9772, 21710, 48304, 499363, 90036, 13294, 2806, 39639, 322008, 135162])
15 0 11504 2692
15 100 10186 2022
15 200 11101 2360
15 300 11260 2601
15 400 10420 2004
15 500 9583 1943
15 600 13342 2942
15 700 12411 2702
15 800 13006 3210
15 900 10537 2153
15 11682.883
set([170786, 20131, 9765, 12839, 6728, 309815, 9772, 21710, 212920, 48304, 4334, 499363, 90036, 13294, 2806, 39639, 322008, 135162])
18 0 12511 2666
18 100 13337 2724
18 200 13010 2743
18 300 13197 2899
18 400 15923 4140
18 500 12108 2468
18 600 13552 3063
18 700 13032 2763
18 800 12606 2879
18 900 13688 3129
18 12672.023
set([170786, 20131, 9765, 12839, 6728, 309815, 9772, 21710, 212920, 48304, 4334, 77070, 499363, 90036, 13294, 2806, 39639, 322008, 135162, 18632, 213589])
21 0 12242 2703
21 100 12867 2791
21 200 14582 3390
21 300 14749 3425
21 400 12017 2340
21 500 13809 3144
21 600 12815 2842
21 700 12274 2767
21 800 11431 2313
21 900 12800 2847
21 13505.81
set([43052, 38026, 4492, 77070, 13294, 170786, 20131, 9765, 12839, 9772, 48304, 18632, 90036, 309815, 212920, 6728, 21710, 499363, 213589, 39639, 322008, 4334, 2806, 135162])
24 0 15904 3711
24 100 14059 3021
24 200 14321 2993
24 300 17573 4224
24 400 16438 4004
24 500 13977 2964
24 600 14305 3055
24 700 13056 2618
24 800 13645 3038
24 900 14819 3542
24 15013.736
set([43052, 38026, 4492, 77070, 13294, 170786, 20131, 9765, 12839, 9772, 48304, 18632, 90036, 309815, 212920, 18882, 6728, 224458, 21710, 499363, 213589, 39639, 322008, 303592, 4334, 2806, 135162])
27 0 15336 3530
27 100 15435 3435
27 200 14945 3353
27 300 15607 3764
27 400 15994 3548
27 500 15561 3209
27 600 14929 3349
27 700 15241 3519
27 800 16174 3716
27 900 15781 3587
27 15517.989
set([43052, 38026, 4492, 77070, 55444, 13294, 196888, 170786, 20131, 9765, 12839, 9772, 48304, 18632, 90036, 309815, 212920, 43018, 18882, 6728, 224458, 21710, 499363, 213589, 39639, 322008, 303592, 4334, 2806, 135162])
30 0 16201 3717
30 100 17095 4059
30 200 15414 3303
30 300 15776 3361
30 400 16415 4216
30 500 14771 3050
30 600 16740 3836
30 700 16900 3957
30 800 17284 4142
30 900 16037 3704
30 16313.596
