Load graph! With nodes  3997962
[9765, 52147, 9772, 18607, 57778, 17603, 53438, 7, 9779, 60611, 2806, 9772, 15527, 57824, 77918, 170786, 170786, 13294, 6707, 53438, 13294, 170786, 18632, 42462, 52061, 45458, 4492, 146797, 6728, 53223, 19683, 6157, 53438, 11708, 261281, 9779, 9779, 17790, 13294, 6732, 6728, 78458, 77918, 11708, 4492, 6398, 52147, 90466, 13294, 9536]
set([52147, 9772, 9765])
3 0 5301 1141
3 100 5506 1163
3 200 5274 1227
3 300 5016 982
3 400 5081 1043
3 500 5706 1283
3 600 4456 912
3 700 5282 1129
3 800 5384 1134
3 900 6008 1368
3 5359.007
set([17603, 9765, 9772, 18607, 57778, 52147])
6 0 5891 1309
6 100 5712 1176
6 200 5846 1189
6 300 6473 1596
6 400 7196 1612
6 500 5577 1192
6 600 6046 1309
6 700 5456 1060
6 800 6750 1595
6 900 7308 1688
6 6259.383
set([17603, 9765, 7, 9772, 18607, 9779, 57778, 52147, 53438])
9 0 7122 1482
9 100 7936 1815
9 200 8098 1834
9 300 6603 1307
9 400 8294 1895
9 500 8384 2020
9 600 6370 1288
9 700 7581 1726
9 800 7070 1486
9 900 7997 1907
9 7473.13
set([17603, 9765, 60611, 7, 15527, 9772, 18607, 9779, 57778, 52147, 2806, 53438])
12 0 9380 2124
12 100 9330 1974
12 200 9488 2038
12 300 9838 2176
12 400 8940 1797
12 500 8512 1639
12 600 8642 1664
12 700 10874 2590
12 800 12667 3109
12 900 10058 2182
12 9646.949
set([57824, 170786, 17603, 9765, 60611, 7, 15527, 9772, 18607, 9779, 57778, 52147, 77918, 2806, 53438])
15 0 11752 2770
15 100 10572 2281
15 200 11679 2635
15 300 12267 2709
15 400 11301 2462
15 500 11656 2591
15 600 11166 2448
15 700 10617 2182
15 800 12063 2753
15 900 12129 2833
15 11668.322
set([57824, 170786, 17603, 9765, 60611, 7, 18632, 15527, 9772, 13294, 18607, 9779, 57778, 52147, 77918, 2806, 6707, 53438])
18 0 13809 3173
18 100 13849 3040
18 200 14771 3604
18 300 12607 2786
18 400 13887 3238
18 500 13125 3085
18 600 13384 2872
18 700 13036 3072
18 800 12955 2757
18 900 11914 2590
18 13643.223
set([57824, 170786, 17603, 9765, 60611, 7, 18632, 15527, 9772, 45458, 13294, 18607, 9779, 57778, 52147, 77918, 2806, 42462, 6707, 52061, 53438])
21 0 14422 3110
21 100 13908 3247
21 200 14820 3459
21 300 14965 3497
21 400 15317 3546
21 500 13932 3103
21 600 13327 3078
21 700 13565 2944
21 800 14233 3175
21 900 14164 3076
21 14884.864
set([7, 4492, 45458, 60611, 170786, 9765, 15527, 9772, 18607, 6728, 57778, 9779, 42462, 53438, 17603, 52061, 18632, 6707, 52147, 77918, 57824, 146797, 13294, 2806])
24 0 18671 4493
24 100 17297 4252
24 200 18113 4374
24 300 17698 4171
24 400 17884 3999
24 500 18962 4551
24 600 17406 4049
24 700 17539 4254
24 800 17349 4200
24 900 16541 3696
24 17687.562
set([7, 4492, 6157, 45458, 60611, 170786, 9765, 15527, 9772, 18607, 6728, 57778, 9779, 42462, 53438, 17603, 52061, 18632, 6707, 52147, 77918, 57824, 19683, 53223, 146797, 13294, 2806])
27 0 19610 4646
27 100 18303 4374
27 200 17850 4018
27 300 20715 5346
27 400 20617 5177
27 500 19116 4645
27 600 17314 3816
27 700 18854 4794
27 800 18425 4494
27 900 17864 4081
27 18639.119
set([7, 4492, 6157, 45458, 60611, 261281, 170786, 9765, 15527, 9772, 18607, 6728, 57778, 9779, 42462, 11708, 53438, 17603, 52061, 18632, 6707, 52147, 77918, 57824, 19683, 53223, 146797, 13294, 2806, 17790])
30 0 19386 4703
30 100 18986 4577
30 200 20307 4765
30 300 19632 4456
30 400 23839 6417
30 500 19236 4769
30 600 20433 4742
30 700 19998 5023
30 800 20971 5308
30 900 19727 4651
30 20281.771
