Load graph! With nodes  3997962
3 0 307 58
3 100 551 117
3 200 301 79
3 300 295 81
3 400 247 40
3 500 367 91
3 600 206 26
3 700 334 76
3 800 534 107
3 900 394 87
3 314.207
6 0 496 109
6 100 778 234
6 200 559 171
6 300 454 97
6 400 331 42
6 500 278 50
6 600 537 137
6 700 358 72
6 800 297 51
6 900 762 200
6 504.998
9 0 752 177
9 100 643 132
9 200 1230 286
9 300 997 262
9 400 858 221
9 500 651 140
9 600 731 186
9 700 632 118
9 800 711 162
9 900 711 139
9 705.707
12 0 1025 249
12 100 1119 233
12 200 997 247
12 300 664 133
12 400 808 173
12 500 923 210
12 600 552 105
12 700 644 125
12 800 1036 248
12 900 1009 279
12 922.257
15 0 991 179
15 100 1231 333
15 200 1156 284
15 300 961 167
15 400 809 136
15 500 959 229
15 600 1039 222
15 700 1521 347
15 800 1062 228
15 900 2010 563
15 1198.49
18 0 1561 314
18 100 2039 529
18 200 1601 447
18 300 1608 378
18 400 1284 266
18 500 1402 248
18 600 1182 225
18 700 1874 496
18 800 1425 299
18 900 1776 479
18 1559.525
21 0 1535 339
21 100 1427 324
21 200 1869 412
21 300 2045 443
21 400 1554 328
21 500 1490 308
21 600 2267 587
21 700 1313 273
21 800 1697 314
21 900 1515 374
21 1688.716
24 0 1535 281
24 100 1776 394
24 200 2907 757
24 300 1563 354
24 400 1993 490
24 500 2442 573
24 600 2432 685
24 700 2090 545
24 800 3053 884
24 900 2005 458
24 1930.447
27 0 2020 439
27 100 2372 535
27 200 2121 446
27 300 2125 500
27 400 1907 384
27 500 2398 547
27 600 2244 526
27 700 1520 277
27 800 2144 479
27 900 1728 369
27 2124.108
30 0 3084 805
30 100 1683 271
30 200 2256 515
30 300 2549 555
30 400 2251 511
30 500 2566 578
30 600 2614 729
30 700 1980 369
30 800 1744 276
30 900 2114 433
30 2406.735
