Load graph! With nodes  3997962
3 0 952 621
3 100 1569 959
3 200 896 571
3 300 339 195
3 400 192 63
3 500 1235 680
3 600 2993 1737
3 700 148 60
3 800 1307 836
3 900 622 367
3 753.513 589.376238222
6 0 1240 708
6 100 586 362
6 200 371 242
6 300 731 441
6 400 362 151
6 500 558 274
6 600 727 470
6 700 690 348
6 800 337 195
6 900 1186 711
6 894.897 637.118117688
9 0 1928 1280
9 100 1657 1121
9 200 516 288
9 300 759 386
9 400 1321 780
9 500 473 225
9 600 1585 896
9 700 569 329
9 800 1160 633
9 900 473 234
9 875.717 545.116955714
12 0 726 425
12 100 1464 949
12 200 1619 881
12 300 1063 598
12 400 970 404
12 500 1818 1077
12 600 1338 816
12 700 1809 1117
12 800 1236 689
12 900 2383 1495
12 1517.636 766.172658117
15 0 2382 1402
15 100 1612 990
15 200 2548 1595
15 300 1567 802
15 400 2795 1787
15 500 1278 756
15 600 1778 883
15 700 2052 1209
15 800 2721 1790
15 900 2138 1086
15 2145.011 907.028278047
18 0 1955 1116
18 100 2013 1250
18 200 2472 1302
18 300 2498 1477
18 400 1147 511
18 500 3421 2011
18 600 1053 524
18 700 2638 1497
18 800 1800 853
18 900 3050 1912
18 2339.961 870.386939759
21 0 1709 1024
21 100 3611 2036
21 200 1977 1090
21 300 2128 1083
21 400 3153 1629
21 500 2959 1775
21 600 3735 2201
21 700 3264 2000
21 800 2940 1567
21 900 3894 2239
21 2925.903 974.11934078
24 0 5809 3406
24 100 3370 1968
24 200 4655 2760
24 300 7317 4287
24 400 4099 2496
24 500 3655 2142
24 600 5210 3066
24 700 2090 1179
24 800 3237 2001
24 900 5152 3096
24 4102.579 1063.93493095
27 0 3013 1746
27 100 1879 1059
27 200 4229 2570
27 300 3761 2257
27 400 2330 1213
27 500 4709 2820
27 600 2306 1266
27 700 4372 2506
27 800 4700 2762
27 900 3915 2139
27 4162.516 1121.7734305
30 0 3651 2124
30 100 3650 2068
30 200 5507 3213
30 300 3694 2060
30 400 5996 3635
30 500 2903 1574
30 600 5207 3163
30 700 4975 2972
30 800 4134 2518
30 900 3108 1892
30 4200.03 1121.27486033
