Load graph! With nodes  3997962
[15094, 333885, 629951, 9772, 377975, 322008, 444506, 1065232, 693000, 20131, 13294, 39639, 347652, 38026, 170786, 38940, 6691, 139672, 52755, 13294, 196888, 54467, 303592, 21710, 53220, 1263, 54470, 42463, 293402, 53220]
set([333885, 15094, 629951])
3 0 194 32
3 100 87 22
3 200 127 13
3 300 167 44
3 400 134 29
3 500 261 63
3 600 138 19
3 700 371 81
3 800 112 10
3 900 135 28
3 161.904
set([9772, 15094, 377975, 322008, 333885, 629951])
6 0 1237 228
6 100 1354 279
6 200 1561 403
6 300 998 187
6 400 1216 295
6 500 1423 375
6 600 1583 355
6 700 1192 297
6 800 1185 220
6 900 1029 176
6 1224.256
set([693000, 9772, 1065232, 15094, 377975, 322008, 444506, 333885, 629951])
9 0 1541 304
9 100 1009 228
9 200 1629 431
9 300 1515 426
9 400 1079 225
9 500 1613 354
9 600 1288 265
9 700 1174 249
9 800 1154 246
9 900 1089 243
9 1435.337
set([20131, 693000, 39639, 9772, 13294, 1065232, 15094, 377975, 322008, 444506, 333885, 629951])
12 0 2523 607
12 100 2835 708
12 200 2836 678
12 300 2854 665
12 400 2679 629
12 500 3588 972
12 600 3292 855
12 700 2542 529
12 800 3414 801
12 900 2320 434
12 2823.757
set([170786, 20131, 347652, 693000, 38026, 39639, 9772, 13294, 1065232, 15094, 377975, 322008, 444506, 333885, 629951])
15 0 3474 830
15 100 4355 1098
15 200 3679 880
15 300 4008 958
15 400 3958 1005
15 500 4270 1095
15 600 3496 732
15 700 3593 729
15 800 4081 1083
15 900 4047 940
15 3981.817
set([170786, 20131, 347652, 693000, 38026, 39639, 9772, 13294, 1065232, 139672, 6691, 15094, 377975, 322008, 444506, 38940, 333885, 629951])
18 0 5495 1406
18 100 5573 1365
18 200 4872 1226
18 300 5132 1216
18 400 4447 1080
18 500 5094 1345
18 600 5135 1299
18 700 4669 1089
18 800 6008 1511
18 900 4571 1120
18 5035.037
set([170786, 20131, 347652, 54467, 693000, 38026, 39639, 9772, 13294, 52755, 1065232, 139672, 6691, 15094, 377975, 322008, 444506, 38940, 333885, 196888, 629951])
21 0 5766 1399
21 100 5441 1112
21 200 6480 1860
21 300 6041 1468
21 400 5480 1285
21 500 6361 1567
21 600 5320 1057
21 700 6386 1639
21 800 6569 1494
21 900 6085 1389
21 5905.631
set([347652, 693000, 38026, 1065232, 196888, 52755, 139672, 38940, 170786, 20131, 9772, 333885, 629951, 54467, 21710, 6691, 39639, 322008, 444506, 53220, 303592, 13294, 15094, 377975])
24 0 5768 1184
24 100 6431 1483
24 200 6811 1427
24 300 6916 1647
24 400 7010 1841
24 500 6485 1488
24 600 6438 1546
24 700 6668 1523
24 800 6557 1491
24 900 6410 1511
24 6791.012
set([347652, 693000, 38026, 1065232, 196888, 52755, 139672, 38940, 170786, 20131, 9772, 333885, 629951, 54467, 54470, 21710, 6691, 39639, 322008, 444506, 42463, 53220, 303592, 13294, 1263, 15094, 377975])
27 0 8089 1862
27 100 9109 2203
27 200 8834 2243
27 300 7819 1776
27 400 8120 1947
27 500 9187 2177
27 600 8155 1918
27 700 8919 2287
27 800 9352 2388
27 900 9110 2136
27 8707.539
set([347652, 693000, 38026, 1065232, 196888, 52755, 139672, 293402, 38940, 170786, 20131, 9772, 333885, 629951, 54467, 54470, 18632, 21710, 11855, 6691, 39639, 322008, 444506, 42463, 53220, 303592, 13294, 1263, 15094, 377975])
30 0 10671 2743
30 100 9174 2235
30 200 10993 2903
30 300 8519 1807
30 400 9311 2356
30 500 8786 2116
30 600 11508 3220
30 700 11046 3133
30 800 10894 2568
30 900 9334 2243
30 9806.91
