Load graph! With nodes  3997962
[9765, 17603, 9772, 52147, 18607, 53438, 57778, 7, 57824, 9779, 13294, 60611, 6157, 6728, 170786, 2806, 42463, 170786, 6398, 13294, 261281, 9772, 19683, 15527, 52171, 13294, 52977, 42463, 170786, 52171, 77918, 18632, 54974, 77918, 53438, 31151, 53438, 42463, 13294, 174095, 57824, 52977, 4492, 13294, 54974, 54974, 9805, 146797, 17790, 6398]
set([17603, 9772, 9765])
3 0 5176 977
3 100 4926 929
3 200 5967 1122
3 300 5802 1224
3 400 5451 1103
3 500 5689 1252
3 600 5442 1189
3 700 6176 1346
3 800 4973 1039
3 900 5468 1119
3 5539.111
set([17603, 9765, 9772, 18607, 52147, 53438])
6 0 6666 1531
6 100 5962 1227
6 200 7186 1692
6 300 6098 1382
6 400 5958 1294
6 500 9604 2534
6 600 6618 1468
6 700 5348 1130
6 800 5614 1108
6 900 6480 1303
6 6365.423
set([57824, 17603, 9765, 7, 9772, 18607, 57778, 52147, 53438])
9 0 7306 1585
9 100 7045 1558
9 200 7470 1764
9 300 7599 1682
9 400 6723 1441
9 500 6655 1552
9 600 6393 1357
9 700 6019 1396
9 800 6281 1294
9 900 6135 1293
9 6755.437
set([57824, 17603, 9765, 60611, 7, 9772, 13294, 18607, 9779, 57778, 52147, 53438])
12 0 10073 2298
12 100 9348 2243
12 200 9599 2583
12 300 8593 2051
12 400 7695 1572
12 500 10652 2806
12 600 8791 2086
12 700 8859 1986
12 800 8784 1933
12 900 8620 1778
12 8741.046
set([57824, 170786, 17603, 9765, 60611, 7, 6728, 9772, 6157, 13294, 18607, 9779, 57778, 52147, 53438])
15 0 10566 2358
15 100 12305 3030
15 200 11069 2626
15 300 11102 2694
15 400 10251 2308
15 500 11976 2902
15 600 8872 1972
15 700 9490 2235
15 800 10195 2318
15 900 10035 2232
15 10715.234
set([57824, 170786, 17603, 9765, 60611, 7, 6728, 9772, 6157, 13294, 18607, 9779, 57778, 52147, 6398, 2806, 53438, 42463])
18 0 16525 3885
18 100 14569 3332
18 200 14502 3409
18 300 14788 3733
18 400 13124 2909
18 500 14004 2934
18 600 15243 3830
18 700 15081 3789
18 800 13080 2793
18 900 13860 3429
18 14015.147
set([57824, 261281, 170786, 17603, 9765, 60611, 7, 6728, 15527, 9772, 6157, 13294, 18607, 9779, 57778, 52147, 6398, 2806, 19683, 53438, 42463])
21 0 15691 3586
21 100 13548 2992
21 200 14638 3450
21 300 15023 3209
21 400 14198 3122
21 500 14481 3332
21 600 16356 3804
21 700 15657 3637
21 800 15121 3333
21 900 14813 3410
21 15202.536
set([7, 6157, 60611, 261281, 170786, 9765, 15527, 9772, 18607, 57778, 9779, 53438, 17603, 6728, 52171, 52147, 77918, 42463, 57824, 19683, 13294, 52977, 2806, 6398])
24 0 19446 4954
24 100 20138 4561
24 200 18401 4319
24 300 16289 3409
24 400 17581 4016
24 500 18186 4182
24 600 18645 4424
24 700 19433 4698
24 800 18232 4128
24 900 18742 4682
24 18301.376
set([7, 6157, 60611, 31151, 261281, 170786, 9765, 15527, 9772, 18607, 18632, 57778, 9779, 53438, 17603, 6728, 52171, 52147, 77918, 42463, 57824, 19683, 13294, 52977, 54974, 2806, 6398])
27 0 22118 5600
27 100 20118 4708
27 200 25497 6667
27 300 20223 4641
27 400 25300 6363
27 500 21658 5087
27 600 22535 5486
27 700 20514 4597
27 800 21001 4979
27 900 22760 5780
27 21556.226
set([7, 4492, 6157, 174095, 60611, 31151, 261281, 170786, 9765, 15527, 9772, 18607, 18632, 57778, 9779, 53438, 17603, 6728, 52171, 9805, 52147, 77918, 42463, 57824, 19683, 13294, 52977, 54974, 2806, 6398])
30 0 24913 6174
30 100 22163 4935
30 200 21683 4939
30 300 22885 5722
30 400 23909 5626
30 500 23545 5864
30 600 23172 5435
30 700 24663 5975
30 800 25698 6622
30 900 25351 6264
30 23184.895
